straight 36
0 0 0 0
0 0 0 0.0285714
1 0 0 0.0571429
2 0 0 0.0857143
2 0 0 0.114286
3 0 0 0.142857
4 0 0 0.171429
5 0 0 0.2
5 0 0 0.228571
6 0 0 0.257143
7 0 0 0.285714
7 0 0 0.314286
8 0 0 0.342857
9 0 0 0.371429
10 0 0 0.4
10 0 0 0.428571
11 0 0 0.457143
12 0 0 0.485714
12 0 0 0.514286
13 0 0 0.542857
14 0 0 0.571429
15 0 0 0.6
15 0 0 0.628571
16 0 0 0.657143
17 0 0 0.685714
17 0 0 0.714286
18 0 0 0.742857
19 0 0 0.771429
20 0 0 0.8
20 0 0 0.828571
21 0 0 0.857143
22 0 0 0.885714
22 0 0 0.914286
23 0 0 0.942857
24 0 0 0.971429
25 0 0 1
leftTurn 130
0 -0 0 0
0.799998 -0.00152381 -0.00380952 0.0310078
1.59998 -0.00609521 -0.00761905 0.0620155
2.39995 -0.0137141 -0.0114286 0.0930233
3.19988 -0.0243805 -0.0152381 0.124031
3.99976 -0.0380941 -0.0190476 0.155039
4.79958 -0.0548548 -0.0228571 0.186047
5.59934 -0.0746622 -0.0266667 0.217054
6.39901 -0.0975163 -0.0304762 0.248062
7.19859 -0.123416 -0.0342857 0.27907
7.99807 -0.152363 -0.0380952 0.310078
7.99807 -0.152363 -0.0380952 0.341085
8.79743 -0.184354 -0.0380952 0.372093
9.59679 -0.216345 -0.0380952 0.403101
10.3961 -0.248337 -0.0380952 0.434109
11.1955 -0.280328 -0.0380952 0.465116
11.9949 -0.31232 -0.0380952 0.496124
12.7942 -0.344311 -0.0380952 0.527132
13.5936 -0.376303 -0.0380952 0.55814
14.3929 -0.408294 -0.0380952 0.589147
15.1923 -0.440286 -0.0380952 0.620155
15.9917 -0.472277 -0.0380952 0.651163
16.791 -0.504269 -0.0380952 0.682171
17.5904 -0.53626 -0.0380952 0.713178
18.3897 -0.568252 -0.0380952 0.744186
19.1891 -0.600243 -0.0380952 0.775194
19.9885 -0.632235 -0.0380952 0.806202
20.7878 -0.664226 -0.0380952 0.837209
21.5872 -0.696217 -0.0380952 0.868217
22.3865 -0.728209 -0.0380952 0.899225
23.1859 -0.7602 -0.0380952 0.930233
23.9853 -0.792192 -0.0380952 0.96124
24.7846 -0.824183 -0.0380952 0.992248
25.584 -0.856175 -0.0380952 1.02326
26.3833 -0.888166 -0.0380952 1.05426
27.1827 -0.920158 -0.0380952 1.08527
27.9821 -0.952149 -0.0380952 1.11628
28.7814 -0.984141 -0.0380952 1.14729
29.5808 -1.01613 -0.0380952 1.17829
30.3801 -1.04812 -0.0380952 1.2093
31.1795 -1.08012 -0.0380952 1.24031
31.9789 -1.11211 -0.0380952 1.27132
32.7782 -1.1441 -0.0380952 1.30233
33.5776 -1.17609 -0.0380952 1.33333
34.3769 -1.20808 -0.0380952 1.36434
35.1763 -1.24007 -0.0380952 1.39535
35.9757 -1.27206 -0.0380952 1.42636
36.775 -1.30406 -0.0380952 1.45736
37.5744 -1.33605 -0.0380952 1.48837
38.3737 -1.36804 -0.0380952 1.51938
39.1731 -1.40003 -0.0380952 1.55039
39.9725 -1.43202 -0.0380952 1.5814
40.7718 -1.46401 -0.0380952 1.6124
41.5712 -1.496 -0.0380952 1.64341
42.3705 -1.528 -0.0380952 1.67442
43.1699 -1.55999 -0.0380952 1.70543
43.9693 -1.59198 -0.0380952 1.73643
44.7686 -1.62397 -0.0380952 1.76744
45.568 -1.65596 -0.0380952 1.79845
46.3673 -1.68795 -0.0380952 1.82946
47.1667 -1.71994 -0.0380952 1.86047
47.9661 -1.75194 -0.0380952 1.89147
48.7654 -1.78393 -0.0380952 1.92248
49.5648 -1.81592 -0.0380952 1.95349
50.3641 -1.84791 -0.0380952 1.9845
51.1635 -1.8799 -0.0380952 2.0155
51.9629 -1.91189 -0.0380952 2.04651
52.7622 -1.94388 -0.0380952 2.07752
53.5616 -1.97588 -0.0380952 2.10853
54.361 -2.00787 -0.0380952 2.13953
55.1603 -2.03986 -0.0380952 2.17054
55.9597 -2.07185 -0.0380952 2.20155
56.759 -2.10384 -0.0380952 2.23256
57.5584 -2.13583 -0.0380952 2.26357
58.3578 -2.16782 -0.0380952 2.29457
59.1571 -2.19982 -0.0380952 2.32558
59.9565 -2.23181 -0.0380952 2.35659
60.7558 -2.2638 -0.0380952 2.3876
61.5552 -2.29579 -0.0380952 2.4186
62.3546 -2.32778 -0.0380952 2.44961
63.1539 -2.35977 -0.0380952 2.48062
63.9533 -2.39177 -0.0380952 2.51163
64.7526 -2.42376 -0.0380952 2.54264
65.552 -2.45575 -0.0380952 2.57364
66.3514 -2.48774 -0.0380952 2.60465
67.1507 -2.51973 -0.0380952 2.63566
67.9501 -2.55172 -0.0380952 2.66667
68.7494 -2.58371 -0.0380952 2.69767
69.5488 -2.61571 -0.0380952 2.72868
70.3482 -2.6477 -0.0380952 2.75969
71.1475 -2.67969 -0.0380952 2.7907
71.9469 -2.71168 -0.0380952 2.82171
72.7462 -2.74367 -0.0380952 2.85271
73.5456 -2.77566 -0.0380952 2.88372
74.345 -2.80765 -0.0380952 2.91473
75.1443 -2.83965 -0.0380952 2.94574
75.9437 -2.87164 -0.0380952 2.97674
76.743 -2.90363 -0.0380952 3.00775
77.5424 -2.93562 -0.0380952 3.03876
78.3418 -2.96761 -0.0380952 3.06977
79.1411 -2.9996 -0.0380952 3.10078
79.9405 -3.03159 -0.0380952 3.13178
80.7398 -3.06359 -0.0380952 3.16279
81.5392 -3.09558 -0.0380952 3.1938
82.3386 -3.12757 -0.0380952 3.22481
83.1379 -3.15956 -0.0380952 3.25581
83.9373 -3.19155 -0.0380952 3.28682
84.7366 -3.22354 -0.0380952 3.31783
85.536 -3.25553 -0.0380952 3.34884
86.3354 -3.28753 -0.0380952 3.37984
87.1347 -3.31952 -0.0380952 3.41085
87.9341 -3.35151 -0.0380952 3.44186
88.7334 -3.3835 -0.0380952 3.47287
89.5328 -3.41549 -0.0380952 3.50388
90.3322 -3.44748 -0.0380952 3.53488
91.1315 -3.47948 -0.0380952 3.56589
91.9309 -3.51147 -0.0380952 3.5969
91.9309 -3.51147 -0.04 3.62791
92.7303 -3.54194 -0.0361905 3.65891
93.5298 -3.56936 -0.032381 3.68992
94.3295 -3.59374 -0.0285714 3.72093
95.1292 -3.61507 -0.0247619 3.75194
95.929 -3.63335 -0.0209524 3.78295
96.7288 -3.64859 -0.0171429 3.81395
97.5287 -3.66078 -0.0133333 3.84496
98.3287 -3.66992 -0.00952381 3.87597
99.1286 -3.67602 -0.00571429 3.90698
99.9286 -3.67906 -0.00190476 3.93798
100.729 -3.67906 0.00190476 3.96899
100 -3.7 0 4
rightTurn 130
0 0 0 0
0.799998 0.00152381 0.00380952 0.0310078
1.59998 0.00609521 0.00761905 0.0620155
2.39995 0.0137141 0.0114286 0.0930233
3.19988 0.0243805 0.0152381 0.124031
3.99976 0.0380941 0.0190476 0.155039
4.79958 0.0548548 0.0228571 0.186047
5.59934 0.0746622 0.0266667 0.217054
6.39901 0.0975163 0.0304762 0.248062
7.19859 0.123416 0.0342857 0.27907
7.99807 0.152363 0.0380952 0.310078
7.99807 0.152363 0.0380952 0.341085
8.79743 0.184354 0.0380952 0.372093
9.59679 0.216345 0.0380952 0.403101
10.3961 0.248337 0.0380952 0.434109
11.1955 0.280328 0.0380952 0.465116
11.9949 0.31232 0.0380952 0.496124
12.7942 0.344311 0.0380952 0.527132
13.5936 0.376303 0.0380952 0.55814
14.3929 0.408294 0.0380952 0.589147
15.1923 0.440286 0.0380952 0.620155
15.9917 0.472277 0.0380952 0.651163
16.791 0.504269 0.0380952 0.682171
17.5904 0.53626 0.0380952 0.713178
18.3897 0.568252 0.0380952 0.744186
19.1891 0.600243 0.0380952 0.775194
19.9885 0.632235 0.0380952 0.806202
20.7878 0.664226 0.0380952 0.837209
21.5872 0.696217 0.0380952 0.868217
22.3865 0.728209 0.0380952 0.899225
23.1859 0.7602 0.0380952 0.930233
23.9853 0.792192 0.0380952 0.96124
24.7846 0.824183 0.0380952 0.992248
25.584 0.856175 0.0380952 1.02326
26.3833 0.888166 0.0380952 1.05426
27.1827 0.920158 0.0380952 1.08527
27.9821 0.952149 0.0380952 1.11628
28.7814 0.984141 0.0380952 1.14729
29.5808 1.01613 0.0380952 1.17829
30.3801 1.04812 0.0380952 1.2093
31.1795 1.08012 0.0380952 1.24031
31.9789 1.11211 0.0380952 1.27132
32.7782 1.1441 0.0380952 1.30233
33.5776 1.17609 0.0380952 1.33333
34.3769 1.20808 0.0380952 1.36434
35.1763 1.24007 0.0380952 1.39535
35.9757 1.27206 0.0380952 1.42636
36.775 1.30406 0.0380952 1.45736
37.5744 1.33605 0.0380952 1.48837
38.3737 1.36804 0.0380952 1.51938
39.1731 1.40003 0.0380952 1.55039
39.9725 1.43202 0.0380952 1.5814
40.7718 1.46401 0.0380952 1.6124
41.5712 1.496 0.0380952 1.64341
42.3705 1.528 0.0380952 1.67442
43.1699 1.55999 0.0380952 1.70543
43.9693 1.59198 0.0380952 1.73643
44.7686 1.62397 0.0380952 1.76744
45.568 1.65596 0.0380952 1.79845
46.3673 1.68795 0.0380952 1.82946
47.1667 1.71994 0.0380952 1.86047
47.9661 1.75194 0.0380952 1.89147
48.7654 1.78393 0.0380952 1.92248
49.5648 1.81592 0.0380952 1.95349
50.3641 1.84791 0.0380952 1.9845
51.1635 1.8799 0.0380952 2.0155
51.9629 1.91189 0.0380952 2.04651
52.7622 1.94388 0.0380952 2.07752
53.5616 1.97588 0.0380952 2.10853
54.361 2.00787 0.0380952 2.13953
55.1603 2.03986 0.0380952 2.17054
55.9597 2.07185 0.0380952 2.20155
56.759 2.10384 0.0380952 2.23256
57.5584 2.13583 0.0380952 2.26357
58.3578 2.16782 0.0380952 2.29457
59.1571 2.19982 0.0380952 2.32558
59.9565 2.23181 0.0380952 2.35659
60.7558 2.2638 0.0380952 2.3876
61.5552 2.29579 0.0380952 2.4186
62.3546 2.32778 0.0380952 2.44961
63.1539 2.35977 0.0380952 2.48062
63.9533 2.39177 0.0380952 2.51163
64.7526 2.42376 0.0380952 2.54264
65.552 2.45575 0.0380952 2.57364
66.3514 2.48774 0.0380952 2.60465
67.1507 2.51973 0.0380952 2.63566
67.9501 2.55172 0.0380952 2.66667
68.7494 2.58371 0.0380952 2.69767
69.5488 2.61571 0.0380952 2.72868
70.3482 2.6477 0.0380952 2.75969
71.1475 2.67969 0.0380952 2.7907
71.9469 2.71168 0.0380952 2.82171
72.7462 2.74367 0.0380952 2.85271
73.5456 2.77566 0.0380952 2.88372
74.345 2.80765 0.0380952 2.91473
75.1443 2.83965 0.0380952 2.94574
75.9437 2.87164 0.0380952 2.97674
76.743 2.90363 0.0380952 3.00775
77.5424 2.93562 0.0380952 3.03876
78.3418 2.96761 0.0380952 3.06977
79.1411 2.9996 0.0380952 3.10078
79.9405 3.03159 0.0380952 3.13178
80.7398 3.06359 0.0380952 3.16279
81.5392 3.09558 0.0380952 3.1938
82.3386 3.12757 0.0380952 3.22481
83.1379 3.15956 0.0380952 3.25581
83.9373 3.19155 0.0380952 3.28682
84.7366 3.22354 0.0380952 3.31783
85.536 3.25553 0.0380952 3.34884
86.3354 3.28753 0.0380952 3.37984
87.1347 3.31952 0.0380952 3.41085
87.9341 3.35151 0.0380952 3.44186
88.7334 3.3835 0.0380952 3.47287
89.5328 3.41549 0.0380952 3.50388
90.3322 3.44748 0.0380952 3.53488
91.1315 3.47948 0.0380952 3.56589
91.9309 3.51147 0.0380952 3.5969
91.9309 3.51147 0.04 3.62791
92.7303 3.54194 0.0361905 3.65891
93.5298 3.56936 0.032381 3.68992
94.3295 3.59374 0.0285714 3.72093
95.1292 3.61507 0.0247619 3.75194
95.929 3.63335 0.0209524 3.78295
96.7288 3.64859 0.0171429 3.81395
97.5287 3.66078 0.0133333 3.84496
98.3287 3.66992 0.00952381 3.87597
99.1286 3.67602 0.00571429 3.90698
99.9286 3.67906 0.00190476 3.93798
100.729 3.67906 -0.00190476 3.96899
100 3.7 0 4
